# The graph of at k=7
# from C:\AGH\CFinder-2.0.6--1448\C:\AGH\ed\cFinder\topics_gt1.nt
# at no lower link weight threshold,
# and at no upper link weight threshold.
# Links were treated as undirected.
# No time limit was set for the clique search.

0 2 5
0 4 3
0 5 2
0 6 2
0 7 1
0 8 2
0 9 2
0 10 1
0 12 2
0 13 2
0 14 3
0 15 1
0 16 1
0 17 1
0 19 3
0 20 2
0 23 3
0 24 1
0 25 3
0 26 2
0 28 2
0 31 2
0 33 3
0 34 4
0 35 5
0 39 3
0 40 2
0 41 2
0 47 2
0 48 2
2 4 3
2 5 4
2 6 4
2 7 1
2 8 3
2 9 2
2 10 1
2 12 2
2 13 2
2 14 3
2 15 2
2 16 2
2 17 1
2 19 3
2 20 2
2 23 3
2 24 1
2 25 3
2 26 3
2 28 3
2 31 3
2 33 3
2 34 2
2 35 8
2 39 3
2 40 5
2 41 2
2 47 2
2 48 2
3 4 1
3 11 2
3 21 3
3 28 1
3 30 2
3 35 2
3 37 1
3 44 3
3 47 1
3 48 2
4 5 1
4 6 2
4 7 1
4 8 1
4 9 3
4 10 1
4 12 2
4 13 2
4 14 4
4 15 1
4 16 1
4 17 2
4 19 4
4 20 2
4 23 4
4 24 1
4 25 1
4 26 3
4 28 4
4 30 1
4 31 3
4 33 3
4 34 1
4 35 6
4 39 1
4 40 2
4 41 3
4 44 1
4 47 3
4 48 4
5 6 3
5 8 3
5 12 1
5 13 1
5 14 1
5 15 1
5 19 1
5 23 1
5 25 2
5 26 1
5 28 1
5 31 2
5 33 1
5 34 1
5 35 3
5 39 2
5 40 1
5 41 1
5 47 1
5 48 1
6 7 1
6 8 2
6 9 1
6 12 2
6 13 2
6 14 2
6 15 1
6 16 1
6 17 1
6 19 2
6 20 1
6 23 2
6 25 1
6 26 2
6 28 2
6 31 3
6 33 2
6 35 3
6 39 1
6 40 2
6 41 2
6 47 2
6 48 2
7 9 1
7 10 1
7 14 1
7 19 1
7 20 2
7 23 1
7 24 2
7 34 1
7 35 3
8 12 1
8 13 1
8 14 2
8 15 1
8 16 1
8 19 1
8 23 1
8 25 2
8 26 1
8 28 1
8 31 2
8 33 1
8 34 1
8 35 3
8 39 2
8 40 1
8 41 1
8 47 1
8 48 1
9 10 1
9 12 1
9 13 1
9 14 3
9 16 2
9 17 2
9 19 3
9 20 2
9 23 4
9 24 1
9 26 2
9 28 2
9 31 2
9 33 2
9 34 1
9 35 4
9 40 1
9 41 2
9 47 2
9 48 2
10 14 1
10 19 1
10 20 1
10 23 1
10 24 2
10 34 1
10 35 4
10 45 1
11 21 1
11 30 1
11 44 1
12 13 2
12 14 2
12 15 1
12 16 1
12 17 1
12 19 2
12 20 1
12 21 1
12 23 2
12 25 1
12 26 2
12 28 2
12 31 3
12 33 2
12 35 5
12 39 1
12 40 2
12 41 2
12 47 2
12 48 2
13 14 2
13 15 1
13 16 1
13 17 1
13 19 2
13 20 1
13 23 2
13 25 1
13 26 2
13 28 2
13 31 2
13 33 2
13 35 3
13 39 1
13 40 2
13 41 2
13 47 2
13 48 2
14 15 1
14 16 2
14 17 2
14 19 4
14 20 2
14 23 4
14 24 1
14 25 1
14 26 3
14 28 3
14 31 3
14 33 3
14 34 1
14 35 5
14 39 1
14 40 2
14 41 3
14 47 3
14 48 3
15 19 1
15 22 3
15 23 1
15 25 1
15 26 1
15 28 4
15 31 1
15 33 1
15 35 2
15 39 1
15 40 4
15 41 1
15 47 1
15 48 1
16 17 1
16 19 1
16 20 1
16 23 1
16 26 1
16 28 1
16 31 1
16 33 1
16 35 5
16 40 1
16 41 1
16 47 1
16 48 1
17 19 2
17 20 1
17 23 2
17 26 2
17 28 2
17 31 2
17 33 2
17 35 2
17 40 1
17 41 2
17 47 2
17 48 2
18 32 1
18 33 1
18 36 2
18 37 2
18 42 1
18 45 2
18 46 4
18 47 1
19 20 2
19 23 5
19 24 1
19 25 1
19 26 3
19 28 3
19 31 3
19 33 3
19 34 1
19 35 5
19 39 1
19 40 2
19 41 3
19 47 3
19 48 3
20 23 2
20 24 1
20 26 1
20 28 1
20 31 1
20 33 1
20 34 1
20 35 2
20 40 1
20 41 1
20 47 1
20 48 1
21 35 1
21 37 1
21 44 1
21 47 1
21 48 1
22 25 1
22 28 2
22 40 2
23 24 1
23 25 1
23 26 3
23 28 3
23 31 3
23 33 3
23 34 1
23 35 4
23 39 1
23 40 2
23 41 3
23 47 3
23 48 3
24 34 1
24 35 4
24 45 1
25 26 1
25 28 1
25 31 1
25 33 2
25 34 1
25 35 4
25 39 4
25 40 1
25 41 1
25 47 1
25 48 1
26 28 3
26 31 3
26 33 3
26 35 4
26 39 1
26 40 2
26 41 3
26 47 3
26 48 3
27 29 1
27 35 1
27 38 4
27 44 5
27 48 3
28 30 1
28 31 3
28 33 3
28 35 5
28 39 1
28 40 5
28 41 3
28 44 1
28 47 3
28 48 4
29 38 1
29 44 1
29 48 1
30 35 1
30 44 1
30 48 1
31 33 3
31 35 4
31 39 1
31 40 2
31 41 3
31 47 3
31 48 3
32 46 3
33 35 4
33 36 1
33 37 1
33 39 2
33 40 2
33 41 3
33 45 2
33 46 1
33 47 4
33 48 3
34 35 2
34 39 1
35 37 2
35 39 4
35 40 3
35 41 5
35 43 1
35 44 2
35 45 1
35 47 5
35 48 6
36 37 2
36 42 1
36 44 1
36 45 1
36 46 3
36 47 1
37 42 2
37 45 1
37 46 2
37 47 4
38 44 4
38 48 2
39 40 1
39 41 1
39 47 1
39 48 1
40 41 2
40 47 2
40 48 2
41 47 3
41 48 3
42 46 1
44 48 4
45 46 1
45 47 1
46 47 1
47 48 3
