# The graph of at k=9
# from C:\AGH\CFinder-2.0.6--1448\C:\AGH\ed\cFinder\topics_gt1.nt
# at no lower link weight threshold,
# and at no upper link weight threshold.
# Links were treated as undirected.
# No time limit was set for the clique search.

0 1 1
0 4 2
0 6 1
0 7 1
0 8 1
0 9 1
0 12 1
0 18 1
0 19 1
0 22 1
1 4 4
1 6 3
1 7 1
1 8 1
1 9 1
1 10 1
1 11 1
1 14 2
1 15 2
1 18 2
1 19 2
1 22 1
2 3 2
2 13 1
2 17 1
2 20 1
2 21 3
3 8 1
3 13 2
3 14 1
3 20 1
3 21 2
4 6 3
4 7 3
4 8 4
4 9 4
4 10 3
4 11 3
4 12 1
4 14 5
4 15 4
4 18 6
4 19 3
4 22 4
5 17 4
6 7 1
6 8 1
6 10 1
6 11 1
6 14 1
6 15 2
6 18 1
6 19 2
6 22 1
7 8 3
7 9 2
7 10 2
7 11 2
7 12 2
7 14 3
7 15 2
7 18 3
7 19 2
7 22 4
8 9 4
8 10 4
8 11 3
8 12 2
8 14 3
8 15 4
8 18 4
8 19 2
8 22 5
9 10 2
9 11 2
9 12 3
9 14 3
9 15 3
9 18 7
9 19 1
9 22 4
10 11 3
10 14 3
10 15 3
10 18 3
10 19 2
10 22 3
11 14 5
11 15 3
11 18 3
11 19 2
11 22 3
12 16 1
12 18 2
12 22 3
13 21 1
14 15 5
14 18 5
14 19 2
14 22 3
15 18 4
15 19 2
15 22 3
17 18 1
18 19 3
18 22 7
19 22 3
20 21 1
