# The contained cliques in the communities at k=3
# from C:\AGH\CFinder-2.0.6--1448\C:\AGH\ed\cFinder\topics_gt1.nt
# at no lower link weight threshold,
# and at no upper link weight threshold.
# Links were treated as undirected.
# No time limit was set for the clique search.

0: 0 
1: 1 
2: 2 12 93 109 110 111 115 122 153 163 172 175 184 232 241 257 303 304 322 324 325 341 342 343 358 377 378 126 143 157 173 185 199 200 212 216 245 258 259 260 270 305 306 314 315 316 323 326 345 347 350 352 354 373 27 64 65 107 129 130 132 161 165 188 202 205 277 278 295 297 311 318 319 320 321 348 349 351 353 368 369 371 372 21 25 40 49 50 56 74 88 96 106 116 117 118 120 128 137 138 141 142 147 151 154 164 178 179 180 181 186 187 191 193 201 203 206 207 208 214 215 218 219 220 231 233 237 253 261 262 263 264 265 273 274 275 276 282 283 289 290 291 293 294 296 307 310 312 313 328 329 330 332 333 335 336 344 346 356 357 359 360 361 362 363 370 374 375 376 380 381 382 383 384 48 71 77 102 133 145 169 189 230 267 268 266 269 338 339 19 30 31 32 33 57 60 70 101 155 159 195 196 340 13 334 35 59 76 92 98 131 134 152 192 194 204 209 210 221 222 234 235 292 337 367 379 28 148 16 45 54 87 89 99 82 144 355 47 365 114 229 279 327 364 139 227 228 285 10 23 41 80 280 281 308 176 251 53 73 85 97 119 140 146 170 171 177 211 213 236 238 239 240 252 255 256 298 366 125 29 91 124 162 247 113 78 84 14 52 63 243 301 104 244 4 36 112 127 149 160 198 223 224 225 226 242 248 272 286 287 299 302 317 331 67 250 17 26 51 66 156 174 190 249 288 309 81 90 136 300 69 61 168 5 34 72 182 183 43 103 135 284 6 197 254 246 271 105 150 95 9 86 18 46 166 42 55 121 68 167 24 44 37 38 22 58 83 
3: 3 
4: 7 
5: 8 
6: 11 
7: 15 
8: 20 
9: 39 
10: 62 
11: 75 
12: 79 
13: 94 
14: 100 
15: 108 
16: 123 
17: 158 
18: 217 
