# The contained cliques in the communities at k=5
# from C:\AGH\CFinder-2.0.6--1448\C:\AGH\ed\cFinder\topics_gt1.nt
# at no lower link weight threshold,
# and at no upper link weight threshold.
# Links were treated as undirected.
# No time limit was set for the clique search.

0: 57 
1: 58 
2: 59 210 208 235 120 178 187 207 209 237 259 264 282 290 291 326 332 335 374 375 380 381 117 118 128 141 147 151 172 179 180 186 189 201 206 214 258 260 261 262 283 293 294 306 322 324 341 344 345 346 347 356 357 359 360 361 376 383 384 154 295 296 315 323 202 253 200 203 297 316 126 184 185 199 270 350 352 321 129 205 318 319 320 351 369 132 204 278 372 276 348 349 96 165 181 232 265 273 274 275 277 336 353 368 354 212 333 193 216 289 303 304 305 314 325 342 343 373 231 142 358 110 163 164 111 279 280 281 308 176 251 285 146 239 177 213 238 240 298 97 119 170 256 255 211 366 171 140 227 236 229 114 382 272 286 328 329 331 362 363 127 287 248 288 299 249 136 149 244 302 198 104 112 225 160 223 224 197 330 137 263 307 77 88 161 191 230 107 188 310 311 312 371 65 130 105 233 195 121 196 268 309 102 267 71 266 155 156 174 190 226 250 66 167 241 153 175 143 157 173 245 271 246 150 115 122 215 218 219 334 337 339 106 220 221 134 222 292 152 194 338 340 166 144 76 82 93 64 68 116 133 169 148 234 131 92 
3: 60 
4: 61 
5: 62 
6: 63 
7: 67 
8: 69 
9: 70 
10: 72 
11: 73 
12: 74 
13: 75 
14: 78 
15: 79 
16: 80 
17: 81 
18: 83 
19: 84 
20: 85 
21: 87 
22: 89 
23: 90 
24: 91 
25: 94 
26: 95 
27: 98 
28: 99 
29: 100 
30: 101 
31: 103 
32: 108 
33: 109 
34: 113 247 
35: 123 
36: 125 
37: 138 
38: 139 
39: 145 
40: 158 
41: 162 
42: 168 
43: 217 
