# The graph of at k=5
# from C:\AGH\CFinder-2.0.6--1448\C:\AGH\ed\cFinder\topics_gt1.nt
# at no lower link weight threshold,
# and at no upper link weight threshold.
# Links were treated as undirected.
# No time limit was set for the clique search.

0 2 2
0 3 1
0 8 1
0 9 2
0 30 2
1 2 2
2 3 3
2 4 3
2 5 2
2 6 2
2 7 3
2 8 3
2 9 3
2 10 1
2 11 3
2 12 3
2 14 3
2 15 1
2 16 2
2 17 3
2 18 1
2 19 2
2 20 4
2 21 3
2 22 3
2 23 3
2 24 2
2 25 1
2 26 3
2 27 3
2 28 2
2 29 1
2 30 2
2 31 2
2 32 1
2 33 4
2 34 5
2 36 3
2 37 3
2 38 4
2 39 2
2 40 1
2 41 3
2 42 2
2 43 1
3 8 1
3 9 1
3 30 1
4 10 1
4 31 1
4 42 2
5 15 1
5 18 1
5 33 1
6 24 1
6 36 1
6 41 1
7 34 1
8 9 1
8 17 1
8 30 1
9 30 2
10 31 1
10 42 2
11 14 1
11 20 2
11 34 1
11 36 1
12 21 1
12 25 1
12 26 1
12 27 1
12 29 1
12 33 1
12 37 2
12 39 2
13 25 1
13 31 1
14 19 1
14 20 1
15 18 1
15 33 1
16 38 3
17 23 2
18 33 2
19 20 1
20 34 1
20 36 1
21 22 1
21 25 1
21 27 1
21 28 1
21 37 1
21 39 1
22 27 1
22 28 1
24 34 1
24 36 3
24 41 3
25 37 1
25 39 1
26 29 1
26 39 1
27 28 1
27 33 1
27 35 1
27 37 1
29 39 1
31 42 1
32 43 1
33 37 1
34 36 2
36 41 2
37 39 1
