# The contained cliques in the communities at k=6
# from C:\AGH\CFinder-2.0.6--1448\C:\AGH\ed\cFinder\topics_gt1.nt
# at no lower link weight threshold,
# and at no upper link weight threshold.
# Links were treated as undirected.
# No time limit was set for the clique search.

0: 94 
1: 95 
2: 96 237 178 194 259 282 283 291 332 335 336 337 349 353 361 374 380 381 120 141 179 180 187 214 290 326 356 359 375 165 348 276 318 341 344 350 351 181 275 278 215 273 333 128 218 258 357 172 189 212 230 260 261 263 304 305 306 307 314 322 324 330 343 345 346 347 376 383 232 303 325 342 373 122 216 358 315 296 316 294 297 117 293 295 147 186 206 151 201 133 262 360 384 274 362 363 382 328 329 331 244 104 191 323 200 184 199 270 185 173 245 157 143 126 352 321 369 129 319 320 205 132 204 130 277 368 371 264 265 233 372 311 161 310 312 188 107 163 164 167 241 153 175 193 137 118 354 106 219 220 221 222 134 292 334 235 152 144 
3: 97 
4: 98 
5: 99 
6: 100 
7: 101 
8: 102 
9: 103 
10: 105 
11: 108 
12: 109 
13: 112 
14: 113 
15: 114 
16: 115 
17: 116 
18: 119 
19: 121 
20: 123 
21: 127 299 
22: 131 
23: 136 
24: 138 
25: 145 
26: 146 
27: 148 
28: 149 198 
29: 150 246 
30: 154 202 
31: 155 156 190 250 309 174 226 
32: 158 
33: 160 
34: 162 
35: 166 
36: 168 
37: 170 
38: 171 
39: 211 
40: 217 
41: 227 285 236 
42: 239 240 298 
43: 289 
