# The graph of at k=6
# from C:\AGH\CFinder-2.0.6--1448\C:\AGH\ed\cFinder\topics_gt1.nt
# at no lower link weight threshold,
# and at no upper link weight threshold.
# Links were treated as undirected.
# No time limit was set for the clique search.

0 2 1
0 8 1
0 17 1
0 24 1
0 25 1
0 27 1
0 30 1
0 43 1
1 2 1
1 6 1
1 8 1
1 17 1
1 21 1
1 25 1
1 30 2
1 33 1
1 43 1
2 3 1
2 4 3
2 5 2
2 6 1
2 7 1
2 8 3
2 9 1
2 10 4
2 11 1
2 12 3
2 13 3
2 14 1
2 15 1
2 16 4
2 17 4
2 18 1
2 19 3
2 21 4
2 22 3
2 24 3
2 25 2
2 26 1
2 27 3
2 28 4
2 29 5
2 30 5
2 31 5
2 32 1
2 33 2
2 35 4
2 36 2
2 37 1
2 38 4
2 40 1
2 41 3
2 42 1
2 43 7
3 18 1
3 26 1
3 34 1
3 37 1
3 38 1
3 41 1
3 42 3
3 43 1
4 5 1
4 10 1
4 12 1
4 16 1
4 17 1
4 20 1
4 22 1
4 24 1
4 27 1
4 29 1
4 30 1
4 35 1
4 43 1
5 19 1
5 22 2
5 27 1
5 35 1
6 8 1
6 17 1
6 25 1
6 30 1
6 43 1
7 8 1
7 31 1
8 17 2
8 24 1
8 25 2
8 27 1
8 30 2
8 31 2
8 43 2
9 23 1
9 28 1
9 33 2
9 36 1
10 12 1
10 16 1
10 17 1
10 24 1
10 29 2
10 30 1
10 36 1
10 43 1
11 40 1
12 16 2
12 17 1
12 24 1
12 29 2
12 30 1
12 41 1
12 43 1
13 14 1
13 21 3
13 28 2
13 31 2
13 33 1
13 38 1
13 43 1
14 19 1
14 21 1
14 28 1
14 37 1
14 38 1
14 41 1
14 43 1
15 41 3
15 42 1
16 17 1
16 24 1
16 29 1
16 30 1
16 35 1
16 43 1
17 24 2
17 25 2
17 27 2
17 29 1
17 30 3
17 43 3
18 26 2
18 37 3
18 38 2
18 39 2
18 41 1
18 42 3
18 43 1
19 22 1
21 23 2
21 28 4
21 31 3
21 33 2
21 38 1
21 43 1
22 27 2
22 35 1
23 28 1
23 31 1
23 33 1
24 25 1
24 27 1
24 29 1
24 30 2
24 43 2
25 27 1
25 30 2
25 43 2
26 34 1
26 37 2
26 38 2
26 39 1
26 41 2
26 42 4
26 43 1
27 30 1
27 35 1
27 43 1
28 31 1
28 33 1
28 36 1
28 38 1
28 43 1
29 30 1
29 43 1
30 43 3
31 32 1
31 33 1
31 37 1
33 36 1
34 42 3
37 38 2
37 39 1
37 41 1
37 42 3
37 43 1
38 39 2
38 41 1
38 42 3
38 43 4
39 42 2
41 42 2
41 43 1
42 43 1
