# The contained cliques in the communities at k=4
# from C:\AGH\CFinder-2.0.6--1448\C:\AGH\ed\cFinder\topics_gt1.nt
# at no lower link weight threshold,
# and at no upper link weight threshold.
# Links were treated as undirected.
# No time limit was set for the clique search.

0: 23 139 279 280 80 227 228 114 229 236 285 308 367 337 340 365 98 120 134 152 178 181 187 189 194 201 208 210 215 218 219 220 221 222 235 237 259 260 262 264 273 282 283 290 291 292 326 332 333 334 335 336 349 353 360 361 374 375 377 380 381 40 50 56 74 88 96 110 116 117 118 128 133 141 147 151 154 161 163 164 165 169 172 179 180 186 191 193 206 207 209 212 214 216 230 231 232 234 253 258 261 263 265 274 275 276 289 293 294 295 296 303 304 305 306 307 310 311 312 314 315 322 323 324 325 341 342 343 344 345 346 347 348 350 354 356 357 358 359 362 363 368 371 372 373 376 382 383 384 77 137 233 267 330 196 55 121 195 197 223 224 329 104 160 225 244 287 317 328 331 36 127 198 272 286 299 149 226 248 249 288 302 66 155 156 174 190 250 309 268 71 102 266 269 338 339 33 355 144 76 351 318 82 129 132 153 204 205 241 278 319 320 321 352 64 65 107 126 130 188 199 270 277 369 200 25 49 93 173 184 185 202 245 297 316 106 143 157 246 271 150 257 109 378 379 111 122 142 138 115 166 167 175 68 203 313 370 27 46 70 159 31 101 60 26 81 90 136 67 112 61 242 87 281 41 73 119 176 251 255 85 170 213 239 140 171 240 256 298 366 53 177 238 97 52 211 78 252 364 247 113 125 146 162 91 148 59 131 54 92 69 89 44 105 42 35 124 
1: 24 
2: 28 
3: 29 
4: 30 
5: 32 
6: 34 
7: 37 
8: 38 
9: 39 
10: 43 
11: 45 
12: 47 
13: 48 
14: 51 
15: 57 
16: 58 
17: 62 
18: 63 
19: 72 
20: 75 
21: 79 
22: 83 
23: 84 
24: 86 
25: 94 
26: 95 
27: 99 
28: 100 
29: 103 135 
30: 108 
31: 123 
32: 145 
33: 158 
34: 168 
35: 217 
