# The graph of at k=4
# from C:\AGH\CFinder-2.0.6--1448\C:\AGH\ed\cFinder\topics_gt1.nt
# at no lower link weight threshold,
# and at no upper link weight threshold.
# Links were treated as undirected.
# No time limit was set for the clique search.

0 1 2
0 2 3
0 3 2
0 4 2
0 5 2
0 6 1
0 7 3
0 8 2
0 9 1
0 10 2
0 11 2
0 12 3
0 13 2
0 14 3
0 15 2
0 16 2
0 17 2
0 18 2
0 19 1
0 21 1
0 22 2
0 23 2
0 24 3
0 25 1
0 26 3
0 27 2
0 28 1
0 29 3
0 30 1
0 31 1
0 32 2
0 33 1
0 34 3
0 35 1
1 7 1
1 8 1
1 17 1
1 21 1
1 22 1
2 11 1
2 27 1
3 18 1
4 5 2
4 15 2
5 15 2
6 7 1
6 8 1
6 9 1
6 19 1
6 29 1
6 34 2
7 8 2
7 9 1
7 19 1
7 29 1
7 34 1
8 9 1
8 19 1
8 29 1
8 34 1
9 19 1
9 29 1
9 34 1
10 14 1
10 26 1
10 33 1
10 34 1
11 13 1
11 25 1
11 27 1
11 32 1
12 16 1
12 30 1
13 25 1
13 26 1
13 28 1
13 32 2
14 33 1
17 21 1
17 22 1
19 29 1
19 34 2
20 25 1
20 29 1
21 22 1
24 34 1
25 32 1
26 28 1
26 32 1
28 32 1
29 34 1
30 35 1
