# The graph of at k=8
# from C:\AGH\CFinder-2.0.6--1448\C:\AGH\ed\cFinder\topics_gt1.nt
# at no lower link weight threshold,
# and at no upper link weight threshold.
# Links were treated as undirected.
# No time limit was set for the clique search.

0 3 2
0 4 1
0 6 1
0 10 1
0 12 1
0 13 1
0 16 2
0 19 2
0 20 1
0 21 2
0 22 2
0 23 1
0 24 1
0 26 1
0 27 1
0 30 2
1 15 1
1 29 1
2 5 1
2 7 2
3 4 1
3 5 1
3 6 3
3 7 1
3 10 3
3 12 1
3 13 1
3 16 4
3 18 1
3 19 3
3 20 2
3 21 4
3 22 4
3 23 3
3 24 1
3 26 3
3 27 3
3 30 3
4 12 1
4 16 3
4 19 2
4 21 2
4 22 1
4 24 2
4 30 2
4 31 1
5 6 1
5 7 1
5 10 1
5 12 1
5 13 3
5 16 4
5 18 4
5 19 1
5 20 2
5 21 1
5 22 1
5 23 1
5 26 1
5 27 1
5 30 2
6 7 1
6 10 3
6 13 1
6 16 3
6 18 1
6 19 2
6 20 3
6 21 3
6 22 3
6 23 3
6 26 3
6 27 3
6 30 2
7 9 1
7 10 1
7 16 3
7 18 1
7 19 1
7 20 2
7 21 1
7 22 1
7 23 1
7 26 2
7 27 2
7 29 1
7 30 1
8 17 1
8 29 1
9 16 1
9 29 1
10 13 1
10 16 3
10 18 1
10 19 2
10 20 2
10 21 3
10 22 4
10 23 3
10 26 3
10 27 3
10 30 2
11 32 3
12 13 1
12 16 2
12 18 1
12 19 1
12 21 1
12 22 1
12 24 1
12 30 2
13 16 6
13 18 3
13 19 1
13 20 2
13 21 1
13 22 1
13 23 1
13 26 2
13 27 2
13 30 2
14 15 2
14 25 1
14 29 1
14 31 1
14 32 3
15 21 1
15 25 2
15 26 1
15 31 1
15 32 2
16 18 4
16 19 5
16 20 4
16 21 7
16 22 5
16 23 3
16 24 6
16 26 5
16 27 6
16 29 1
16 30 6
17 29 4
18 19 1
18 20 2
18 21 1
18 22 1
18 23 1
18 26 1
18 27 2
18 30 2
19 20 2
19 21 3
19 22 3
19 23 2
19 24 2
19 26 3
19 27 2
19 30 3
20 21 2
20 22 2
20 23 2
20 26 3
20 27 3
20 30 2
21 22 5
21 23 3
21 24 2
21 26 3
21 27 4
21 30 4
22 23 3
22 24 1
22 26 3
22 27 3
22 30 3
23 26 5
23 27 3
23 30 2
24 28 1
24 30 2
25 32 1
26 27 5
26 30 2
27 30 2
31 32 1
