# The contained cliques in the communities at k=5
# from C:\AGH\CFinder-2.0.6--1448\C:\AGH\ed\cFinder\users_gt1.nt
# at no lower link weight threshold,
# and at no upper link weight threshold.
# Links were treated as undirected.
# No time limit was set for the clique search.

0: 151 1480 1482 1484 1485 1457 1479 1487 1602 1847 1458 1459 1460 1461 1462 905 1037 1603 1669 1830 439 552 577 609 695 730 732 744 753 837 865 907 909 914 923 924 932 933 962 1105 1117 1118 1136 1218 1244 1255 1266 1267 1283 1309 1319 1328 1359 1371 1383 1421 1481 1534 1544 1574 1606 1640 1655 1683 1734 1748 1815 1848 1854 1885 2027 2028 2033 2034 2041 2066 2084 2091 2116 2122 2133 441 442 440 443 579 883 915 1100 1468 1849 2018 890 893 894 303 550 555 891 892 895 913 935 1096 1453 1467 2015 304 447 534 654 936 1038 1097 1183 1586 2093 448 657 939 2012 937 938 934 2010 2011 444 549 554 731 736 752 912 925 1360 1585 2092 445 1372 1321 1377 1619 2100 2109 1326 1325 1627 1984 2002 2112 395 610 651 682 698 825 841 931 1121 1224 1249 1271 1376 1387 1541 1626 1643 1688 1820 2037 2124 650 930 2069 1569 2070 1551 1550 2065 990 1549 1560 1564 1565 1947 2134 993 994 1559 846 1006 1406 1522 1557 1722 1792 1950 1991 847 848 1104 1407 1408 1499 1723 1951 2058 1098 1094 1099 2017 2135 643 1095 1101 1102 1653 1717 1790 1883 2090 2131 1036 1354 1039 436 559 558 2045 575 1652 2046 576 578 1284 2042 1285 2025 2029 428 1028 1725 1796 1956 2026 2032 427 1884 1887 1888 1886 1889 1906 2016 1749 1910 1752 1753 1757 1908 1107 1139 1310 1754 953 1110 950 1919 2038 1915 1447 1448 1449 1122 1388 1530 1735 2103 2126 1526 1521 1726 1954 1254 1946 1988 597 694 961 1217 1370 1814 1866 1948 1949 1955 1958 1959 1963 1964 1965 1966 1989 1997 1942 1998 1999 2000 2004 1938 1941 1935 1936 1937 1846 1943 314 546 880 911 1361 1584 1654 1850 1855 2082 545 547 548 565 1454 566 567 1833 1831 1832 219 882 1834 881 884 942 943 1750 1747 1751 1755 2043 2083 1973 2005 1969 1974 1781 2072 1772 1944 919 1865 917 918 922 910 1932 214 1651 920 921 1968 1861 1232 1860 1231 1967 1953 1411 1504 1994 1412 1409 1995 1410 1414 1523 1793 1794 1952 1979 1992 1524 1791 1868 1980 1993 1869 1501 1870 1871 1872 1873 1880 1500 1506 1503 1505 1730 1727 1728 1729 272 1957 1719 1737 886 887 1795 2059 1982 1413 1776 1417 1418 1416 2009 1415 1893 1891 1892 1708 2007 2008 1774 1782 1784 1471 1470 1472 1475 1476 1777 1970 1975 1785 2061 2074 897 2076 1700 1788 1789 1976 1981 1769 1986 1987 1985 602 733 1119 1362 1483 1823 2035 2088 1368 1824 1262 1273 1529 1578 1645 2089 1525 1724 1852 1590 1587 1577 551 564 318 885 1027 1801 2030 2031 1605 1671 1672 1835 1274 1853 1147 1123 1657 1851 1836 1311 2019 1356 1179 1176 2067 1103 2094 1004 1008 927 1554 1552 1558 683 908 2101 1401 1464 2055 1400 1589 1463 1466 940 896 807 593 594 595 306 1429 1695 1681 1488 1680 1075 
1: 343 344 
2: 394 
3: 723 
4: 862 
5: 867 
6: 985 
7: 1169 
8: 1922 
